0.000 ,0.000 
0.042 ,4.912 
0.083 ,9.819 
0.125 ,14.634 
0.167 ,19.637 
0.208 ,24.457 
0.250 ,29.340 
0.292 ,34.136 
0.333 ,39.100 
0.375 ,43.937 
0.417 ,48.847 
0.458 ,53.686 
0.500 ,58.558 
0.542 ,63.473 
0.583 ,68.356 
0.625 ,73.307 
0.667 ,78.084 
0.708 ,83.024 
0.750 ,87.893 
0.792 ,92.803 
0.833 ,97.705 
0.875 ,102.639 
0.917 ,107.538 
0.958 ,112.424 
1.000 ,117.339 
1.042 ,122.187 
1.083 ,127.137 
1.125 ,132.061 
1.167 ,136.919 
1.208 ,141.853 
1.250 ,146.728 
1.292 ,151.668 
1.333 ,156.526 
1.375 ,161.469 
1.417 ,166.360 
1.458 ,171.289 
1.500 ,176.223 
1.542 ,181.149 
1.583 ,186.073 
1.625 ,190.931 
1.667 ,195.849 
1.708 ,200.735 
1.750 ,205.664 
1.792 ,210.579 
1.833 ,215.494 
1.875 ,220.445 
1.917 ,225.393 
1.958 ,230.311 
2.000 ,235.218 
2.042 ,240.185 
2.083 ,245.043 
2.125 ,250.013 
2.167 ,254.977 
2.208 ,259.909 
2.250 ,264.854 
2.292 ,269.802 
2.333 ,274.783 
2.375 ,279.701 
2.417 ,284.681 
2.458 ,289.621 
2.500 ,294.561 
2.542 ,299.509 
2.583 ,304.456 
2.625 ,309.380 
2.667 ,314.352 
2.708 ,319.273 
2.750 ,324.153 
2.792 ,329.112 
2.833 ,333.976 
2.875 ,338.926 
2.917 ,343.823 
2.958 ,348.757 
3.000 ,353.645 
3.042 ,358.612 
3.083 ,363.492 
3.125 ,368.421 
3.167 ,373.396 
3.208 ,378.241 
3.250 ,383.189 
3.292 ,388.153 
3.333 ,393.055 
3.375 ,397.941 
3.417 ,402.870 
3.458 ,407.755 
3.500 ,412.594 
3.542 ,417.572 
3.583 ,422.444 
3.625 ,427.427 
3.667 ,432.356 
3.708 ,437.234 
3.750 ,442.225 
3.792 ,447.154 
3.833 ,452.072 
3.875 ,456.933 
3.917 ,461.916 
3.958 ,466.745 
4.000 ,471.671 
4.042 ,476.649 
4.083 ,481.483 
4.125 ,486.409 
4.167 ,491.381 
4.208 ,496.291 
4.250 ,501.136 
4.292 ,506.160 
4.333 ,511.021 
4.375 ,515.972 
4.417 ,520.939 
4.458 ,525.756 
4.500 ,530.723 
4.542 ,535.631 
4.583 ,540.511 
4.625 ,545.345 
4.667 ,550.358 
4.708 ,555.243 
4.750 ,560.172 
4.792 ,565.115 
4.833 ,569.959 
4.875 ,574.926 
4.917 ,579.893 
4.958 ,584.866 
5.000 ,589.732 
5.042 ,594.753 
5.083 ,599.641 
5.125 ,604.644 
5.167 ,609.608 
5.208 ,614.504 
5.250 ,619.525 
5.292 ,624.449 
5.333 ,629.435 
5.375 ,634.290 
5.417 ,639.388 
5.458 ,644.273 
5.500 ,649.264 
5.542 ,654.324 
5.583 ,659.239 
5.625 ,664.238 
5.667 ,669.230 
5.708 ,674.175 
5.750 ,679.071 
5.792 ,684.071 
5.833 ,688.859 
5.875 ,693.861 
5.917 ,698.828 
5.958 ,703.659 
6.000 ,708.615 
6.042 ,713.522 
6.083 ,718.478 
6.125 ,723.258 
6.167 ,728.241 
6.208 ,733.072 
6.250 ,737.982 
6.292 ,742.892 
6.333 ,747.726 
6.375 ,752.650 
6.417 ,757.584 
6.458 ,762.483 
6.500 ,767.301 
6.542 ,772.257 
6.583 ,777.151 
6.625 ,782.085 
6.667 ,787.006 
6.708 ,791.889 
6.750 ,796.858 
6.792 ,801.809 
6.833 ,806.722 
6.875 ,811.575 
6.917 ,816.585 
6.958 ,821.470 
7.000 ,826.399 
7.042 ,831.336 
7.083 ,836.208 
7.125 ,841.126 
7.167 ,846.104 
7.208 ,851.017 
7.250 ,855.837 
7.292 ,860.839 
7.333 ,865.706 
7.375 ,870.597 
7.417 ,875.515 
7.458 ,880.354 
7.500 ,885.251 
7.542 ,890.131 
7.583 ,895.076 
7.625 ,899.929 
7.667 ,904.836 
7.708 ,909.762 
7.750 ,914.659 
7.792 ,919.571 
7.833 ,924.416 
7.875 ,929.318 
7.917 ,934.217 
7.958 ,939.119 
8.000 ,944.051 
8.042 ,948.982 
8.083 ,953.936 
8.125 ,958.881 
8.167 ,963.848 
8.208 ,968.755 
8.250 ,973.654 
8.292 ,978.569 
8.333 ,983.536 
8.375 ,988.465 
8.417 ,993.386 
8.458 ,998.353 
8.500 ,1003.285 
8.542 ,1008.195 
8.583 ,1013.126 
8.625 ,1018.014 
8.667 ,1022.954 
8.708 ,1027.924 
8.750 ,1032.809 
8.792 ,1037.730 
8.833 ,1042.651 
8.875 ,1047.536 
8.917 ,1052.503 
8.958 ,1057.367 
9.000 ,1062.302 
9.042 ,1067.144 
9.083 ,1072.040 
9.125 ,1076.964 
9.167 ,1081.868 
9.208 ,1086.816 
9.250 ,1091.710 
9.292 ,1096.614 
9.333 ,1101.492 
9.375 ,1106.453 
9.417 ,1111.341 
9.458 ,1116.286 
9.500 ,1121.207 
9.542 ,1126.074 
9.583 ,1131.014 
9.625 ,1135.907 
9.667 ,1140.814 
9.708 ,1145.684 
9.750 ,1150.653 
9.792 ,1155.542 
9.833 ,1160.468 
9.875 ,1165.397 
9.917 ,1170.214 
9.958 ,1175.200 
10.000 ,1180.099 
10.042 ,1185.045 
10.083 ,1189.854 
10.125 ,1194.875 
10.167 ,1199.761 
10.208 ,1204.679 
10.250 ,1209.586 
10.292 ,1214.450 
10.333 ,1219.406 
10.375 ,1224.286 
10.417 ,1229.250 
10.458 ,1234.068 
10.500 ,1239.008 
10.542 ,1243.874 
10.583 ,1248.801 
10.625 ,1253.691 
10.667 ,1258.596 
10.708 ,1263.557 
10.750 ,1268.473 
10.792 ,1273.394 
10.833 ,1278.266 
10.875 ,1283.222 
10.917 ,1288.123 
10.958 ,1293.131 
11.000 ,1298.049 
11.042 ,1302.913 
11.083 ,1307.847 
11.125 ,1312.771 
11.167 ,1317.746 
11.208 ,1322.539 
11.250 ,1327.530 
11.292 ,1332.468 
11.333 ,1337.410 
11.375 ,1342.347 
11.417 ,1347.292 
11.458 ,1352.254 
11.500 ,1357.234 
11.542 ,1362.190 
11.583 ,1367.019 
11.625 ,1372.018 
11.667 ,1376.947 
11.708 ,1381.890 
11.750 ,1386.789 
11.792 ,1391.691 
11.833 ,1396.620 
11.875 ,1401.546 
11.917 ,1406.510 
11.958 ,1411.317 
12.000 ,1416.270 
12.042 ,1421.237 
12.083 ,1426.158 
12.125 ,1431.111 
12.167 ,1436.032 
12.208 ,1441.002 
12.250 ,1445.947 
12.292 ,1450.925 
12.333 ,1455.775 
12.375 ,1460.777 
12.417 ,1465.701 
12.458 ,1470.597 
12.500 ,1475.602 
12.542 ,1480.506 
12.583 ,1485.403 
12.625 ,1490.272 
12.667 ,1495.277 
12.708 ,1500.141 
12.750 ,1505.078 
12.792 ,1509.969 
12.833 ,1514.936 
12.875 ,1519.919 
12.917 ,1524.834 
12.958 ,1529.801 
13.000 ,1534.733 
13.042 ,1539.732 
13.083 ,1544.588 
13.125 ,1549.568 
13.167 ,1554.478 
13.208 ,1559.426 
13.250 ,1564.407 
13.292 ,1569.335 
13.333 ,1574.305 
13.375 ,1579.277 
13.417 ,1584.293 
13.458 ,1589.184 
13.500 ,1594.140 
13.542 ,1599.083 
13.583 ,1604.017 
13.625 ,1608.941 
13.667 ,1613.837 
13.708 ,1618.793 
13.750 ,1623.744 
13.792 ,1628.705 
13.833 ,1633.525 
13.875 ,1638.525 
13.917 ,1643.397 
13.958 ,1648.307 
14.000 ,1653.244 
14.042 ,1658.138 
14.083 ,1663.058 
14.125 ,1667.985 
14.167 ,1673.000 
14.208 ,1677.864 
14.250 ,1682.869 
14.292 ,1687.822 
14.333 ,1692.721 
14.375 ,1697.683 
14.417 ,1702.579 
14.458 ,1707.470 
14.500 ,1712.377 
14.542 ,1717.258 
14.583 ,1722.130 
14.625 ,1727.058 
14.667 ,1731.979 
14.708 ,1736.835 
14.750 ,1741.769 
14.792 ,1746.579 
14.833 ,1751.478 
14.875 ,1756.336 
14.917 ,1761.265 
14.958 ,1766.129 
15.000 ,1771.036 
15.042 ,1775.973 
15.083 ,1780.900 
15.125 ,1785.799 
15.167 ,1790.711 
15.208 ,1795.684 
15.250 ,1800.556 
15.292 ,1805.460 
15.333 ,1810.384 
15.375 ,1815.345 
15.417 ,1820.255 
15.458 ,1825.244 
15.500 ,1830.151 
15.542 ,1835.080 
15.583 ,1840.063 
15.625 ,1844.946 
15.667 ,1849.932 
15.708 ,1854.920 
15.750 ,1859.879 
15.792 ,1864.830 
15.833 ,1869.794 
15.875 ,1874.769 
15.917 ,1879.676 
15.958 ,1884.659 
16.000 ,1889.537 
16.042 ,1894.536 
16.083 ,1899.479 
16.125 ,1904.402 
16.167 ,1909.326 
16.208 ,1914.301 
16.250 ,1919.208 
16.292 ,1924.096 
16.333 ,1929.028 
16.375 ,1933.919 
16.417 ,1938.883 
16.458 ,1943.801 
16.500 ,1948.727 
16.542 ,1953.664 
16.583 ,1958.615 
16.625 ,1963.517 
16.667 ,1968.408 
16.708 ,1973.342 
16.750 ,1978.195 
16.792 ,1983.105 
16.833 ,1988.029 
16.875 ,1992.895 
16.917 ,1997.800 
16.958 ,2002.756 
17.000 ,2007.644 
17.042 ,2012.521 
17.083 ,2017.496 
17.125 ,2022.352 
17.167 ,2027.281 
17.208 ,2032.202 
17.250 ,2037.068 
17.292 ,2042.019 
17.333 ,2046.904 
17.375 ,2051.790 
17.417 ,2056.610 
17.458 ,2061.618 
17.500 ,2066.438 
17.542 ,2071.316 
17.583 ,2076.237 
17.625 ,2081.073 
17.667 ,2086.002 
17.708 ,2090.969 
17.750 ,2095.879 
17.792 ,2100.675 
17.833 ,2105.655 
17.875 ,2110.508 
17.917 ,2115.402 
17.958 ,2120.317 
18.000 ,2125.189 
18.042 ,2130.097 
18.083 ,2134.700 
18.125 ,2139.979 
18.167 ,2144.805 
18.208 ,2149.791 
18.250 ,2154.668 
18.292 ,2159.548 
18.333 ,2164.458 
18.375 ,2169.354 
18.417 ,2174.286 
18.458 ,2179.223 
18.500 ,2184.193 
18.542 ,2189.013 
18.583 ,2193.996 
18.625 ,2198.933 
18.667 ,2203.814 
18.708 ,2208.816 
18.750 ,2213.756 
18.792 ,2218.679 
18.833 ,2223.594 
18.875 ,2228.578 
18.917 ,2233.409 
18.958 ,2238.359 
19.000 ,2243.297 
19.042 ,2248.168 
19.083 ,2253.116 
19.125 ,2258.002 
19.167 ,2262.906 
19.208 ,2267.800 
19.250 ,2272.791 
19.292 ,2277.615 
19.333 ,2282.568 
19.375 ,2287.470 
19.417 ,2292.344 
19.458 ,2297.279 
19.500 ,2302.172 
19.542 ,2307.055 
19.583 ,2311.892 
19.625 ,2316.796 
19.667 ,2321.696 
19.708 ,2326.584 
19.750 ,2331.445 
19.792 ,2336.314 
19.833 ,2341.205 
19.875 ,2346.066 
19.917 ,2351.014 
19.958 ,2355.878 
20.000 ,2360.823 
20.042 ,2365.728 
20.083 ,2370.562 
20.125 ,2375.542 
20.167 ,2380.449 
20.208 ,2385.378 
20.250 ,2390.201 
20.292 ,2395.174 
20.333 ,2400.021 
20.375 ,2404.985 
20.417 ,2409.904 
20.458 ,2414.724 
20.500 ,2419.677 
20.542 ,2424.557 
20.583 ,2429.486 
20.625 ,2434.277 
20.667 ,2439.276 
20.708 ,2444.151 
20.750 ,2449.058 
20.792 ,2453.963 
20.833 ,2458.813 
20.875 ,2463.796 
20.917 ,2468.687 
20.958 ,2473.611 
21.000 ,2478.388 
21.042 ,2483.344 
21.083 ,2488.254 
21.125 ,2493.191 
21.167 ,2498.098 
21.208 ,2503.000 
21.250 ,2507.945 
21.292 ,2512.887 
21.333 ,2517.833 
21.375 ,2522.677 
21.417 ,2527.663 
21.458 ,2532.560 
21.500 ,2537.483 
21.542 ,2542.388 
21.583 ,2547.292 
21.625 ,2552.200 
21.667 ,2557.150 
21.708 ,2562.120 
21.750 ,2566.924 
21.792 ,2571.937 
21.833 ,2576.833 
21.875 ,2581.757 
21.917 ,2586.705 
21.958 ,2591.609 
22.000 ,2596.541 
22.042 ,2601.456 
22.083 ,2606.469 
22.125 ,2611.301 
22.167 ,2616.284 
22.208 ,2621.175 
22.250 ,2626.125 
22.292 ,2631.046 
22.333 ,2635.961 
22.375 ,2640.861 
22.417 ,2645.751 
22.458 ,2650.770 
22.500 ,2655.628 
22.542 ,2660.620 
22.583 ,2665.562 
22.625 ,2670.461 
22.667 ,2675.396 
22.708 ,2680.303 
22.750 ,2685.215 
22.792 ,2690.090 
22.833 ,2695.060 
22.875 ,2699.940 
22.917 ,2704.882 
22.958 ,2709.800 
23.000 ,2714.738 
23.042 ,2719.615 
23.083 ,2724.541 
23.125 ,2729.489 
23.167 ,2734.350 
23.208 ,2739.333 
23.250 ,2744.230 
23.292 ,2749.197 
23.333 ,2754.139 
23.375 ,2759.076 
23.417 ,2764.000 
23.458 ,2768.912 
23.500 ,2773.836 
23.542 ,2778.700 
23.583 ,2783.610 
23.625 ,2788.568 
23.667 ,2793.473 
23.708 ,2798.380 
23.750 ,2803.325 
23.792 ,2808.192 
23.833 ,2813.094 
23.875 ,2818.020 
23.917 ,2822.881 
23.958 ,2827.829 
24.000 ,2832.739 
24.042 ,2837.600 
24.083 ,2842.504 
24.125 ,2847.417 
24.167 ,2852.294 
24.208 ,2857.145 
24.250 ,2862.090 
24.292 ,2866.943 
24.333 ,2871.864 
24.375 ,2876.765 
24.417 ,2881.651 
24.458 ,2886.604 
24.500 ,2891.517 
24.542 ,2896.389 
24.583 ,2901.261 
24.625 ,2906.266 
24.667 ,2911.089 
24.708 ,2916.037 
24.750 ,2921.023 
24.792 ,2925.835 
24.833 ,2930.780 
24.875 ,2935.701 
24.917 ,2940.635 
24.958 ,2945.483 
25.000 ,2950.499 
25.042 ,2955.390 
25.083 ,2960.302 
25.125 ,2965.272 
25.167 ,2970.117 
25.208 ,2975.086 
25.250 ,2980.045 
25.292 ,2984.996 
25.333 ,2989.835 
25.375 ,2994.851 
25.417 ,2999.747 
25.458 ,3004.701 
25.500 ,3009.665 
25.542 ,3014.537 
25.583 ,3019.525 
25.625 ,3024.481 
25.667 ,3029.416 
25.708 ,3034.274 
25.750 ,3039.339 
25.792 ,3044.219 
25.833 ,3049.199 
25.875 ,3054.177 
25.917 ,3059.019 
25.958 ,3064.013 
26.000 ,3068.942 
26.042 ,3073.858 
26.083 ,3078.738 
26.125 ,3083.748 
26.167 ,3088.642 
26.208 ,3093.619 
26.250 ,3098.551 
26.292 ,3103.447 
26.333 ,3108.425 
26.375 ,3113.392 
26.417 ,3118.340 
26.458 ,3123.144 
26.500 ,3128.154 
26.542 ,3133.013 
26.583 ,3137.950 
26.625 ,3142.876 
26.667 ,3147.713 
26.708 ,3152.642 
26.750 ,3157.622 
26.792 ,3162.538 
26.833 ,3167.309 
26.875 ,3172.262 
26.917 ,3177.183 
26.958 ,3182.101 
27.000 ,3187.006 
27.042 ,3191.902 
27.083 ,3196.837 
27.125 ,3201.768 
27.167 ,3206.713 
27.208 ,3211.515 
27.250 ,3216.509 
27.292 ,3221.400 
27.333 ,3226.293 
27.375 ,3231.217 
27.417 ,3236.081 
27.458 ,3240.969 
27.500 ,3245.909 
27.542 ,3250.862 
27.583 ,3255.688 
27.625 ,3260.641 
27.667 ,3265.543 
27.708 ,3270.469 
27.750 ,3275.404 
27.792 ,3280.316 
27.833 ,3285.186 
27.875 ,3290.096 
27.917 ,3295.030 
27.958 ,3299.888 
28.000 ,3304.842 
28.042 ,3309.771 
28.083 ,3314.662 
28.125 ,3319.561 
28.167 ,3324.449 
28.208 ,3329.372 
28.250 ,3334.296 
28.292 ,3339.225 
28.333 ,3344.143 
28.375 ,3349.094 
28.417 ,3354.055 
28.458 ,3359.019 
28.500 ,3363.948 
28.542 ,3368.847 
28.583 ,3373.741 
28.625 ,3378.632 
28.667 ,3383.566 
28.708 ,3388.506 
28.750 ,3393.489 
28.792 ,3398.437 
28.833 ,3403.366 
28.875 ,3408.327 
28.917 ,3413.243 
28.958 ,3418.199 
29.000 ,3423.125 
29.042 ,3428.087 
29.083 ,3432.969 
29.125 ,3437.934 
29.167 ,3442.879 
29.208 ,3447.791 
29.250 ,3452.737 
29.292 ,3457.657 
29.333 ,3462.597 
29.375 ,3467.513 
29.417 ,3472.433 
29.458 ,3477.305 
29.500 ,3482.245 
29.542 ,3487.152 
29.583 ,3492.049 
29.625 ,3496.915 
29.667 ,3501.798 
29.708 ,3506.684 
29.750 ,3511.539 
29.792 ,3516.471 
29.833 ,3521.394 
29.875 ,3526.220 
29.917 ,3531.193 
29.958 ,3536.084 
30.000 ,3541.031 
30.042 ,3545.898 
30.083 ,3550.908 
30.125 ,3555.856 
30.167 ,3560.845 
30.208 ,3565.866 
30.250 ,3570.822 
30.292 ,3575.840 
30.333 ,3580.807 
30.375 ,3585.812 
30.417 ,3590.793 
30.458 ,3595.798 
30.500 ,3600.784 
30.542 ,3605.783 
30.583 ,3610.763 
30.625 ,3615.760 
30.667 ,3620.738 
30.708 ,3625.661 
30.750 ,3630.634 
30.792 ,3635.560 
30.833 ,3640.516 
30.875 ,3645.426 
30.917 ,3650.417 
30.958 ,3655.390 
31.000 ,3660.340 
31.042 ,3665.340 
31.083 ,3670.231 
31.125 ,3675.195 
31.167 ,3680.102 
31.208 ,3685.042 
31.250 ,3690.006 
31.292 ,3694.951 
31.333 ,3699.853 
31.375 ,3705.468 
31.417 ,3709.727 
31.458 ,3714.618 
31.500 ,3719.561 
31.542 ,3724.476 
31.583 ,3729.383 
31.625 ,3734.288 
31.667 ,3739.279 
31.708 ,3744.165 
31.750 ,3749.140 
31.792 ,3754.096 
31.833 ,3759.044 
31.875 ,3763.959 
31.917 ,3768.853 
31.958 ,3773.765 
32.000 ,3778.700 
32.042 ,3783.661 
32.083 ,3788.568 
32.125 ,3793.535 
32.167 ,3798.429 
32.208 ,3803.333 
32.250 ,3808.241 
32.292 ,3813.115 
32.333 ,3818.004 
32.375 ,3822.889 
32.417 ,3827.859 
32.458 ,3832.801 
32.500 ,3837.733 
32.542 ,3842.662 
32.583 ,3847.604 
32.625 ,3852.530 
32.667 ,3857.462 
32.708 ,3862.396 
32.750 ,3867.317 
32.792 ,3872.262 
32.833 ,3877.189 
32.875 ,3882.158 
32.917 ,3887.082 
32.958 ,3892.038 
33.000 ,3896.961 
33.042 ,3901.882 
33.083 ,3906.787 
33.125 ,3911.686 
33.167 ,3916.631 
33.208 ,3921.617 
33.250 ,3926.611 
33.292 ,3931.616 
33.333 ,3936.556 
33.375 ,3941.520 
33.417 ,3946.427 
33.458 ,3951.361 
33.500 ,3956.279 
33.542 ,3961.219 
33.583 ,3966.110 
33.625 ,3971.044 
33.667 ,3975.992 
33.708 ,3980.927 
33.750 ,3985.831 
33.792 ,3990.709 
33.833 ,3995.629 
33.875 ,4000.520 
33.917 ,4005.438 
33.958 ,4010.359 
34.000 ,4015.247 
34.042 ,4020.204 
34.083 ,4025.100 
34.125 ,4030.051 
34.167 ,4034.941 
34.208 ,4039.922 
34.250 ,4044.813 
34.292 ,4049.761 
34.333 ,4054.676 
34.375 ,4059.564 
34.417 ,4064.507 
34.458 ,4069.460 
34.500 ,4074.424 
34.542 ,4079.288 
34.583 ,4084.258 
34.625 ,4089.130 
34.667 ,4094.113 
34.708 ,4099.083 
34.750 ,4104.063 
34.792 ,4109.000 
34.833 ,4113.962 
34.875 ,4118.915 
34.917 ,4123.779 
34.958 ,4128.770 
35.000 ,4133.658 
35.042 ,4138.582 
35.083 ,4143.527 
35.125 ,4148.475 
35.167 ,4153.464 
35.208 ,4158.417 
35.250 ,4163.389 
35.292 ,4168.302 
35.333 ,4173.299 
35.375 ,4178.187 
35.417 ,4183.148 
35.458 ,4188.094 
35.500 ,4192.976 
35.542 ,4197.954 
35.583 ,4202.878 
35.625 ,4207.847 
35.667 ,4212.760 
35.708 ,4217.757 
35.750 ,4222.645 
35.792 ,4227.579 
35.833 ,4232.533 
35.875 ,4237.432 
35.917 ,4242.415 
35.958 ,4247.338 
36.000 ,4252.289 
36.042 ,4257.183 
36.083 ,4262.147 
36.125 ,4266.997 
36.167 ,4271.940 
36.208 ,4276.850 
36.250 ,4281.732 
36.292 ,4286.697 
36.333 ,4291.585 
36.375 ,4296.489 
36.417 ,4301.342 
36.458 ,4306.320 
36.500 ,4311.173 
36.542 ,4316.118 
36.583 ,4321.126 
36.625 ,4325.935 
36.667 ,4330.940 
36.708 ,4335.891 
36.750 ,4340.882 
36.792 ,4345.757 
36.833 ,4350.729 
36.875 ,4355.631 
36.917 ,4360.593 
36.958 ,4365.595 
37.000 ,4370.426 
37.042 ,4375.450 
37.083 ,4380.387 
37.125 ,4385.348 
37.167 ,4390.204 
37.208 ,4395.231 
37.250 ,4400.086 
37.292 ,4405.053 
37.333 ,4410.036 
37.375 ,4414.908 
37.417 ,4419.916 
37.458 ,4424.896 
37.500 ,4429.863 
37.542 ,4434.724 
37.583 ,4439.751 
37.625 ,4444.609 
37.667 ,4449.601 
37.708 ,4454.570 
37.750 ,4459.461 
37.792 ,4464.493 
37.833 ,4469.433 
37.875 ,4474.424 
37.917 ,4479.359 
37.958 ,4484.399 
38.000 ,4489.309 
38.042 ,4494.284 
38.083 ,4499.302 
38.125 ,4504.237 
38.167 ,4509.228 
38.208 ,4514.206 
38.250 ,4519.184 
38.292 ,4524.094 
38.333 ,4529.044 
38.375 ,4533.954 
38.417 ,4538.916 
38.458 ,4543.877 
38.500 ,4548.817 
38.542 ,4553.784 
38.583 ,4558.710 
38.625 ,4563.642 
38.667 ,4568.538 
38.708 ,4573.472 
38.750 ,4578.377 
38.792 ,4583.308 
38.833 ,4588.229 
38.875 ,4593.104 
38.917 ,4598.065 
38.958 ,4602.986 
39.000 ,4607.937 
39.042 ,4612.828 
39.083 ,4617.743 
39.125 ,4622.555 
39.167 ,4627.457 
39.208 ,4632.345 
39.250 ,4637.193 
39.292 ,4642.163 
39.333 ,4647.059 
39.375 ,4651.985 
39.417 ,4656.781 
39.458 ,4661.756 
39.500 ,4666.634 
39.542 ,4671.598 
39.583 ,4676.592 
39.625 ,4681.453 
39.667 ,4686.406 
39.708 ,4691.381 
39.750 ,4696.354 
39.792 ,4701.190 
39.833 ,4706.201 
39.875 ,4711.130 
39.917 ,4716.129 
39.958 ,4721.129 
40.000 ,4725.990 
40.042 ,4731.022 
40.083 ,4736.008 
40.125 ,4740.988 
40.167 ,4745.868 
40.208 ,4750.889 
40.250 ,4755.829 
40.292 ,4760.788 
40.333 ,4765.747 
40.375 ,4770.708 
40.417 ,4775.724 
40.458 ,4780.712 
40.500 ,4785.709 
40.542 ,4790.600 
40.583 ,4795.616 
40.625 ,4800.591 
40.667 ,4805.547 
40.708 ,4810.557 
40.750 ,4815.576 
40.792 ,4820.583 
40.833 ,4825.564 
40.875 ,4830.539 
40.917 ,4835.517 
40.958 ,4840.502 
41.000 ,4845.456 
41.042 ,4850.488 
41.083 ,4855.428 
41.125 ,4860.435 
41.167 ,4865.440 
41.208 ,4870.385 
41.250 ,4875.387 
41.292 ,4880.365 
41.333 ,4885.340 
41.375 ,4890.299 
41.417 ,4895.317 
41.458 ,4900.195 
41.500 ,4905.219 
41.542 ,4910.123 
41.583 ,4915.077 
41.625 ,4920.035 
41.667 ,4924.943 
41.708 ,4929.834 
41.750 ,4934.784 
41.792 ,4939.727 
41.833 ,4944.569 
41.875 ,4949.490 
41.917 ,4954.440 
41.958 ,4959.315 
42.000 ,4964.192 
42.042 ,4969.053 
42.083 ,4973.925 
42.125 ,4978.803 
42.167 ,4983.721 
42.208 ,4988.639 
42.250 ,4993.606 
42.292 ,4998.554 
42.333 ,5003.502 
42.375 ,5008.463 
42.417 ,5013.392 
42.458 ,5018.335 
42.500 ,5023.277 
42.542 ,5028.249 
42.583 ,5033.189 
42.625 ,5038.186 
42.667 ,5043.166 
42.708 ,5048.139 
42.750 ,5053.087 
42.792 ,5058.043 
42.833 ,5062.955 
42.875 ,5067.919 
42.917 ,5072.914 
42.958 ,5077.764 
43.000 ,5082.804 
43.042 ,5087.798 
43.083 ,5092.692 
43.125 ,5097.675 
43.167 ,5102.623 
43.208 ,5107.554 
43.250 ,5112.470 
43.292 ,5117.461 
43.333 ,5122.333 
43.375 ,5127.311 
43.417 ,5132.286 
43.458 ,5137.212 
43.500 ,5142.133 
43.542 ,5147.043 
43.583 ,5151.964 
43.625 ,5156.898 
43.667 ,5161.851 
43.708 ,5166.723 
43.750 ,5171.682 
43.792 ,5176.638 
43.833 ,5181.543 
43.875 ,5186.423 
43.917 ,5191.327 
43.958 ,5196.232 
44.000 ,5201.147 
44.042 ,5206.089 
44.083 ,5211.005 
44.125 ,5215.934 
44.167 ,5220.849 
44.208 ,5225.754 
44.250 ,5230.688 
44.292 ,5235.595 
44.333 ,5240.513 
44.375 ,5245.407 
44.417 ,5250.349 
44.458 ,5255.297 
44.500 ,5260.199 
44.542 ,5265.139 
44.583 ,5270.030 
44.625 ,5274.959 
44.667 ,5279.828 
44.708 ,5284.762 
44.750 ,5289.675 
44.792 ,5294.590 
44.833 ,5299.547 
44.875 ,5304.489 
44.917 ,5309.399 
44.958 ,5314.325 
45.000 ,5319.230 
45.042 ,5324.075 
45.083 ,5329.012 
45.125 ,5333.832 
45.167 ,5338.785 
45.208 ,5343.760 
45.250 ,5348.689 
45.292 ,5353.656 
45.333 ,5358.634 
45.375 ,5363.582 
45.417 ,5368.535 
45.458 ,5373.532 
45.500 ,5378.483 
45.542 ,5383.447 
45.583 ,5388.419 
45.625 ,5393.397 
45.667 ,5398.342 
45.708 ,5403.301 
45.750 ,5408.279 
45.792 ,5413.199 
45.833 ,5418.153 
45.875 ,5423.052 
45.917 ,5428.057 
45.958 ,5433.015 
46.000 ,5437.991 
46.042 ,5442.919 
46.083 ,5447.876 
46.125 ,5452.842 
46.167 ,5457.779 
46.208 ,5462.698 
46.250 ,5467.637 
46.292 ,5472.604 
46.333 ,5477.541 
46.375 ,5482.519 
46.417 ,5487.472 
46.458 ,5492.399 
46.500 ,5497.344 
46.542 ,5502.270 
46.583 ,5507.223 
46.625 ,5512.147 
46.667 ,5517.103 
46.708 ,5522.032 
46.750 ,5527.029 
46.792 ,5531.990 
46.833 ,5536.916 
46.875 ,5541.916 
46.917 ,5546.847 
46.958 ,5551.814 
47.000 ,5556.798 
47.042 ,5561.740 
47.083 ,5566.653 
47.125 ,5571.671 
47.167 ,5576.668 
47.208 ,5581.578 
47.250 ,5586.545 
47.292 ,5591.468 
47.333 ,5596.413 
47.375 ,5601.348 
47.417 ,5606.350 
47.458 ,5611.233 
47.500 ,5616.235 
47.542 ,5621.153 
47.583 ,5626.109 
47.625 ,5631.084 
47.667 ,5636.005 
47.708 ,5640.890 
47.750 ,5645.890 
47.792 ,5650.925 
47.833 ,5655.753 
47.875 ,5660.785 
47.917 ,5665.714 
47.958 ,5670.605 
48.000 ,5675.577 
48.042 ,5680.531 
48.083 ,5685.430 
48.125 ,5690.361 
48.167 ,5695.369 
48.208 ,5700.263 
48.250 ,5705.230 
48.292 ,5710.115 
48.333 ,5715.077 
48.375 ,5720.033 
48.417 ,5724.975 
48.458 ,5729.882 
48.500 ,5734.860 
48.542 ,5739.822 
48.583 ,5744.710 
48.625 ,5749.669 
48.667 ,5754.562 
48.708 ,5759.559 
48.750 ,5764.483 
48.792 ,5769.390 
48.833 ,5774.359 
48.875 ,5779.321 
48.917 ,5784.309 
48.958 ,5789.135 
49.000 ,5794.146 
49.042 ,5799.031 
49.083 ,5803.993 
49.125 ,5808.930 
49.167 ,5813.842 
49.208 ,5818.801 
49.250 ,5823.749 
49.292 ,5828.746 
49.333 ,5833.599 
49.375 ,5838.609 
49.417 ,5843.535 
49.458 ,5848.508 
49.500 ,5853.483 
49.542 ,5858.441 
49.583 ,5863.373 
49.625 ,5868.329 
49.667 ,5873.329 
49.708 ,5878.179 
49.750 ,5883.173 
49.792 ,5888.050 
49.833 ,5892.974 
49.875 ,5897.919 
49.917 ,5902.872 
49.958 ,5907.785 
50.000 ,5912.814 
50.042 ,5917.730 
50.083 ,5922.553 
50.125 ,5927.617 
50.167 ,5932.546 
50.208 ,5937.478 
50.250 ,5942.439 
50.292 ,5947.393 
50.333 ,5952.327 
50.375 ,5957.343 
50.417 ,5962.293 
50.458 ,5967.138 
50.500 ,5972.135 
50.542 ,5977.056 
50.583 ,5981.968 
50.625 ,5986.949 
50.667 ,5991.870 
50.708 ,5996.801 
50.750 ,6001.817 
50.792 ,6006.735 
50.833 ,6011.580 
50.875 ,6016.582 
50.917 ,6021.500 
50.958 ,6026.426 
51.000 ,6031.377 
51.042 ,6036.282 
51.083 ,6041.186 
51.125 ,6046.139 
51.167 ,6051.106 
51.208 ,6055.973 
51.250 ,6060.975 
51.292 ,6065.904 
51.333 ,6070.825 
51.375 ,6075.802 
51.417 ,6080.734 
51.458 ,6085.674 
51.500 ,6090.668 
51.542 ,6095.648 
51.583 ,6100.507 
51.625 ,6105.504 
51.667 ,6110.419 
51.708 ,6115.397 
51.750 ,6120.372 
51.792 ,6125.301 
51.833 ,6130.246 
51.875 ,6135.229 
51.917 ,6140.191 
51.958 ,6145.046 
52.000 ,6150.070 
52.042 ,6155.004 
52.083 ,6159.947 
52.125 ,6164.911 
52.167 ,6169.821 
52.208 ,6174.750 
52.250 ,6179.755 
52.292 ,6184.708 
52.333 ,6189.529 
52.375 ,6194.574 
52.417 ,6199.519 
52.458 ,6204.427 
52.500 ,6209.380 
52.542 ,6214.314 
52.583 ,6219.316 
52.625 ,6224.308 
52.667 ,6229.258 
52.708 ,6234.087 
52.750 ,6239.116 
52.792 ,6244.024 
52.833 ,6248.971 
52.875 ,6253.930 
52.917 ,6258.837 
52.958 ,6263.799 
53.000 ,6268.782 
53.042 ,6273.725 
53.083 ,6278.575 
53.125 ,6283.577 
53.167 ,6288.511 
53.208 ,6293.410 
53.250 ,6298.399 
53.292 ,6303.312 
53.333 ,6308.270 
53.375 ,6313.273 
53.417 ,6318.215 
53.458 ,6323.084 
53.500 ,6328.133 
53.542 ,6333.043 
53.583 ,6337.974 
53.625 ,6342.966 
53.667 ,6347.854 
53.708 ,6352.842 
53.750 ,6357.842 
53.792 ,6362.774 
53.833 ,6367.616 
53.875 ,6372.680 
53.917 ,6377.566 
53.958 ,6382.533 
54.000 ,6387.535 
54.042 ,6392.420 
54.083 ,6397.425 
54.125 ,6402.376 
54.167 ,6407.297 
54.208 ,6412.150 
54.250 ,6417.214 
54.292 ,6422.105 
54.333 ,6427.026 
54.375 ,6431.974 
54.417 ,6436.881 
54.458 ,6441.837 
54.500 ,6446.801 
54.542 ,6451.757 
54.583 ,6456.599 
54.625 ,6461.615 
54.667 ,6466.490 
54.708 ,6471.451 
54.750 ,6476.448 
54.792 ,6481.342 
54.833 ,6486.317 
54.875 ,6491.265 
54.917 ,6496.218 
54.958 ,6501.055 
55.000 ,6506.130 
55.042 ,6511.021 
55.083 ,6516.004 
55.125 ,6520.988 
55.167 ,6525.821 
55.208 ,6530.821 
55.250 ,6535.777 
55.292 ,6540.711 
55.333 ,6545.578 
55.375 ,6550.599 
55.417 ,6555.509 
55.458 ,6560.500 
55.500 ,6565.483 
55.542 ,6570.355 
55.583 ,6575.344 
55.625 ,6580.322 
55.667 ,6585.275 
55.708 ,6590.144 
55.750 ,6595.209 
55.792 ,6600.086 
55.833 ,6605.059 
55.875 ,6610.055 
55.917 ,6614.938 
55.958 ,6619.908 
56.000 ,6624.877 
56.042 ,6629.812 
56.083 ,6634.689 
56.125 ,6639.710 
56.167 ,6644.574 
56.208 ,6649.547 
56.250 ,6654.554 
56.292 ,6659.399 
56.333 ,6664.371 
56.375 ,6669.327 
56.417 ,6674.302 
56.458 ,6679.185 
56.500 ,6684.247 
56.542 ,6689.116 
56.583 ,6694.075 
56.625 ,6699.050 
56.667 ,6703.965 
56.708 ,6708.938 
56.750 ,6713.916 
56.792 ,6718.869 
56.833 ,6723.773 
56.875 ,6728.765 
56.917 ,6733.667 
56.958 ,6738.625 
57.000 ,6743.589 
57.042 ,6748.537 
57.083 ,6753.502 
57.125 ,6758.455 
57.167 ,6763.425 
57.208 ,6768.318 
57.250 ,6773.307 
57.292 ,6778.187 
57.333 ,6783.148 
57.375 ,6788.129 
57.417 ,6793.023 
57.458 ,6797.960 
57.500 ,6802.946 
57.542 ,6807.877 
57.583 ,6812.814 
57.625 ,6817.789 
57.667 ,6822.680 
57.708 ,6827.666 
57.750 ,6832.655 
57.792 ,6837.529 
57.833 ,6842.526 
57.875 ,6847.501 
57.917 ,6852.441 
57.958 ,6857.378 
58.000 ,6862.326 
58.042 ,6867.222 
58.083 ,6872.162 
58.125 ,6877.167 
58.167 ,6882.115 
58.208 ,6887.068 
58.250 ,6892.062 
58.292 ,6896.961 
58.333 ,6901.907 
58.375 ,6906.846 
58.417 ,6911.748 
58.458 ,6916.726 
58.500 ,6921.690 
58.542 ,6926.619 
58.583 ,6931.599 
58.625 ,6936.547 
58.667 ,6941.479 
58.708 ,6946.430 
58.750 ,6951.361 
58.792 ,6956.258 
58.833 ,6961.203 
58.875 ,6966.140 
58.917 ,6971.091 
58.958 ,6976.025 
59.000 ,6981.027 
59.042 ,6985.961 
59.083 ,6990.869 
59.125 ,6995.811 
59.167 ,7000.705 
59.208 ,7005.723 
59.250 ,7010.660 
59.292 ,7015.587 
59.333 ,7020.578 
59.375 ,7025.534 
59.417 ,7030.452 
59.458 ,7035.370 
59.500 ,7040.313 
59.542 ,7045.182 
59.583 ,7050.179 
59.625 ,7055.140 
59.667 ,7060.096 
59.708 ,7065.030 
59.750 ,7069.981 
59.792 ,7074.951 
59.833 ,7079.863 
59.875 ,7084.849 
59.917 ,7089.691 
59.958 ,7094.710 
60.000 ,7099.658 
60.042 ,7104.584 
60.083 ,7109.556 
60.125 ,7114.493 
60.167 ,7119.425 
60.208 ,7124.302 
60.250 ,7129.272 
60.292 ,7134.166 
60.333 ,7139.138 
60.375 ,7144.083 
60.417 ,7149.031 
60.458 ,7153.984 
60.500 ,7158.954 
60.542 ,7163.888 
60.583 ,7168.809 
60.625 ,7173.725 
60.667 ,7178.613 
60.708 ,7183.601 
60.750 ,7188.514 
60.792 ,7193.427 
60.833 ,7198.364 
60.875 ,7203.355 
60.917 ,7208.257 
60.958 ,7213.205 
61.000 ,7218.145 
61.042 ,7223.033 
61.083 ,7228.005 
61.125 ,7232.942 
61.167 ,7237.887 
61.208 ,7242.825 
61.250 ,7247.794 
61.292 ,7252.707 
61.333 ,7257.647 
61.375 ,7262.597 
61.417 ,7267.491 
61.458 ,7272.479 
61.500 ,7277.452 
61.542 ,7282.419 
61.583 ,7287.402 
61.625 ,7292.353 
61.667 ,7297.249 
61.708 ,7302.175 
61.750 ,7307.126 
61.792 ,7312.014 
61.833 ,7317.019 
61.875 ,7321.942 
61.917 ,7326.901 
61.958 ,7331.835 
62.000 ,7336.800 
62.042 ,7341.745 
62.083 ,7346.625 
62.125 ,7351.565 
62.167 ,7356.467 
62.208 ,7361.461 
62.250 ,7366.409 
62.292 ,7371.337 
62.333 ,7376.253 
62.375 ,7381.220 
62.417 ,7386.124 
62.458 ,7391.042 
62.500 ,7395.993 
62.542 ,7400.900 
62.583 ,7405.826 
62.625 ,7410.782 
62.667 ,7415.706 
62.708 ,7420.667 
62.750 ,7425.632 
62.792 ,7430.555 
62.833 ,7435.446 
62.875 ,7440.391 
62.917 ,7445.298 
62.958 ,7450.268 
63.000 ,7455.219 
63.042 ,7460.167 
63.083 ,7465.112 
63.125 ,7470.095 
63.167 ,7475.002 
63.208 ,7479.937 
63.250 ,7484.893 
63.292 ,7489.762 
63.333 ,7494.732 
63.375 ,7499.682 
63.417 ,7504.603 
63.458 ,7509.543 
63.500 ,7514.523 
63.542 ,7519.428 
63.583 ,7524.327 
63.625 ,7529.267 
63.667 ,7534.168 
63.708 ,7539.089 
63.750 ,7544.053 
63.792 ,7548.988 
63.833 ,7553.930 
63.875 ,7558.927 
63.917 ,7563.837 
63.958 ,7568.769 
64.000 ,7573.741 
64.042 ,7578.621 
64.083 ,7583.558 
64.125 ,7588.536 
64.167 ,7593.484 
64.208 ,7598.407 
64.250 ,7603.399 
64.292 ,7608.325 
64.333 ,7613.270 
64.375 ,7618.242 
64.417 ,7623.131 
64.458 ,7628.089 
64.500 ,7633.037 
64.542 ,7637.955 
64.583 ,7642.917 
64.625 ,7647.870 
64.667 ,7652.815 
64.708 ,7657.742 
64.750 ,7662.695 
64.792 ,7667.583 
64.833 ,7672.566 
64.875 ,7677.495 
64.917 ,7682.465 
64.958 ,7687.383 
65.000 ,7692.377 
65.042 ,7697.303 
65.083 ,7702.227 
65.125 ,7707.188 
65.167 ,7712.106 
65.208 ,7717.098 
65.250 ,7722.035 
65.292 ,7726.993 
65.333 ,7731.966 
65.375 ,7736.897 
65.417 ,7741.824 
65.458 ,7746.763 
65.500 ,7751.728 
65.542 ,7756.656 
65.583 ,7761.602 
65.625 ,7766.522 
65.667 ,7771.506 
65.708 ,7776.478 
65.750 ,7781.431 
65.792 ,7786.379 
65.833 ,7791.297 
65.875 ,7796.226 
65.917 ,7801.161 
65.958 ,7806.133 
66.000 ,7811.051 
66.042 ,7816.004 
66.083 ,7820.977 
66.125 ,7825.889 
66.167 ,7830.870 
66.208 ,7835.780 
66.250 ,7840.760 
66.292 ,7845.659 
66.333 ,7850.678 
66.375 ,7855.596 
66.417 ,7860.571 
66.458 ,7865.538 
66.500 ,7870.423 
66.542 ,7875.387 
66.583 ,7880.281 
66.625 ,7885.237 
66.667 ,7890.096 
66.708 ,7895.136 
66.750 ,7900.054 
66.792 ,7905.040 
66.833 ,7909.990 
66.875 ,7914.908 
66.917 ,7919.859 
66.958 ,7924.758 
67.000 ,7929.711 
67.042 ,7934.594 
67.083 ,7939.599 
67.125 ,7944.496 
67.167 ,7949.468 
67.208 ,7954.432 
67.250 ,7959.337 
67.292 ,7964.284 
67.333 ,7969.208 
67.375 ,7974.164 
67.417 ,7979.069 
67.458 ,7984.090 
67.500 ,7988.983 
67.542 ,7993.945 
67.583 ,7998.920 
67.625 ,8003.843 
67.667 ,8008.770 
67.708 ,8013.723 
67.750 ,8018.687 
67.792 ,8023.573 
67.833 ,8028.602 
67.875 ,8033.496 
67.917 ,8038.490 
67.958 ,8043.410 
68.000 ,8048.353 
68.042 ,8053.287 
68.083 ,8058.230 
68.125 ,8063.148 
68.167 ,8068.058 
68.208 ,8073.114 
68.250 ,8077.964 
68.292 ,8082.942 
68.333 ,8087.855 
68.375 ,8092.849 
68.417 ,8097.778 
68.458 ,8102.753 
68.500 ,8107.674 
68.542 ,8112.581 
68.583 ,8117.534 
68.625 ,8122.417 
68.667 ,8127.441 
68.708 ,8132.378 
68.750 ,8137.334 
68.792 ,8142.277 
68.833 ,8147.224 
68.875 ,8152.153 
68.917 ,8157.104 
68.958 ,8162.085 
69.000 ,8166.975 
69.042 ,8171.961 
69.083 ,8176.869 
69.125 ,8181.841 
69.167 ,8186.775 
69.208 ,8191.710 
69.250 ,8196.666 
69.292 ,8201.581 
69.333 ,8206.597 
69.375 ,8211.455 
69.417 ,8216.444 
69.458 ,8221.381 
69.500 ,8226.312 
69.542 ,8231.279 
69.583 ,8236.200 
69.625 ,8241.148 
69.667 ,8246.091 
69.708 ,8251.068 
69.750 ,8255.959 
69.792 ,8260.904 
69.833 ,8265.831 
69.875 ,8270.795 
69.917 ,8275.765 
69.958 ,8280.691 
70.000 ,8285.641 
70.042 ,8290.557 
70.083 ,8295.572 
70.125 ,8300.431 
70.167 ,8305.441 
70.208 ,8310.381 
70.250 ,8315.353 
70.292 ,8320.279 
70.333 ,8325.200 
70.375 ,8330.151 
70.417 ,8335.115 
70.458 ,8340.104 
70.500 ,8344.968 
70.542 ,8349.921 
70.583 ,8354.872 
70.625 ,8359.830 
70.667 ,8364.778 
70.708 ,8369.704 
70.750 ,8374.650 
70.792 ,8379.611 
70.833 ,8384.608 
70.875 ,8389.423 
70.917 ,8394.436 
70.958 ,8399.400 
71.000 ,8404.351 
71.042 ,8409.250 
71.083 ,8414.171 
71.125 ,8419.124 
71.167 ,8424.083 
71.208 ,8429.052 
71.250 ,8433.911 
71.292 ,8438.902 
71.333 ,8443.836 
71.375 ,8448.809 
71.417 ,8453.738 
71.458 ,8458.705 
71.500 ,8463.633 
71.542 ,8468.614 
71.583 ,8473.556 
71.625 ,8478.393 
71.667 ,8483.401 
71.708 ,8488.338 
71.750 ,8493.237 
71.792 ,8498.187 
71.833 ,8503.127 
71.875 ,8508.067 
71.917 ,8513.075 
71.958 ,8517.998 
72.000 ,8522.840 
72.042 ,8527.832 
72.083 ,8532.742 
72.125 ,8537.684 
72.167 ,8542.635 
72.208 ,8547.555 
72.250 ,8552.503 
72.292 ,8557.462 
72.333 ,8562.413 
72.375 ,8567.255 
72.417 ,8572.298 
72.458 ,8577.213 
72.500 ,8582.145 
72.542 ,8587.095 
72.583 ,8591.992 
72.625 ,8596.902 
72.667 ,8601.904 
72.708 ,8606.879 
72.750 ,8611.743 
72.792 ,8616.745 
72.833 ,8621.647 
72.875 ,8626.597 
72.917 ,8631.545 
72.958 ,8636.480 
73.000 ,8641.452 
73.042 ,8646.405 
73.083 ,8651.369 
73.125 ,8656.220 
73.167 ,8661.227 
73.208 ,8666.140 
73.250 ,8671.069 
73.292 ,8676.009 
73.333 ,8680.921 
73.375 ,8685.845 
73.417 ,8690.798 
73.458 ,8695.789 
73.500 ,8700.642 
73.542 ,8705.623 
73.583 ,8710.560 
73.625 ,8715.524 
73.667 ,8720.464 
73.708 ,8725.385 
73.750 ,8730.395 
73.792 ,8735.386 
73.833 ,8740.353 
73.875 ,8745.168 
73.917 ,8750.195 
73.958 ,8755.159 
74.000 ,8760.099 
74.042 ,8765.033 
74.083 ,8769.930 
74.125 ,8774.929 
74.167 ,8779.882 
74.208 ,8784.885 
74.250 ,8789.702 
74.292 ,8794.759 
74.333 ,8799.693 
74.375 ,8804.636 
74.417 ,8809.611 
74.458 ,8814.531 
74.500 ,8819.528 
74.542 ,8824.490 
74.583 ,8829.446 
74.625 ,8834.277 
74.667 ,8839.325 
74.708 ,8844.284 
74.750 ,8849.235 
74.792 ,8854.196 
74.833 ,8859.076 
74.875 ,8864.076 
74.917 ,8869.048 
74.958 ,8874.009 
75.000 ,8878.849 
75.042 ,8883.870 
75.083 ,8888.766 
75.125 ,8893.752 
75.167 ,8898.711 
75.208 ,8903.597 
75.250 ,8908.591 
75.292 ,8913.536 
75.333 ,8918.571 
75.375 ,8923.407 
75.417 ,8928.437 
75.458 ,8933.357 
75.500 ,8938.324 
75.542 ,8943.343 
75.583 ,8948.166 
75.625 ,8953.168 
75.667 ,8958.102 
75.708 ,8963.080 
75.750 ,8967.906 
75.792 ,8972.914 
75.833 ,8977.775 
75.875 ,8982.755 
75.917 ,8987.703 
75.958 ,8992.575 
76.000 ,8997.623 
76.042 ,9002.552 
76.083 ,9007.519 
76.125 ,9012.410 
76.167 ,9017.423 
76.208 ,9022.279 
76.250 ,9027.235 
76.292 ,9032.261 
76.333 ,9037.131 
76.375 ,9042.125 
76.417 ,9047.070 
76.458 ,9052.069 
76.500 ,9056.936 
76.542 ,9061.954 
76.583 ,9066.845 
76.625 ,9071.831 
76.667 ,9076.771 
76.708 ,9081.684 
76.750 ,9086.672 
76.792 ,9091.596 
76.833 ,9096.576 
76.875 ,9101.445 
76.917 ,9106.469 
76.958 ,9111.344 
77.000 ,9116.286 
77.042 ,9121.242 
77.083 ,9126.128 
77.125 ,9131.141 
77.167 ,9136.043 
77.208 ,9141.012 
77.250 ,9145.852 
77.292 ,9150.838 
77.333 ,9155.737 
77.375 ,9160.704 
77.417 ,9165.687 
77.458 ,9170.505 
77.500 ,9175.504 
77.542 ,9180.441 
77.583 ,9185.405 
77.625 ,9190.247 
77.667 ,9195.301 
77.708 ,9200.187 
77.750 ,9205.137 
77.792 ,9210.134 
77.833 ,9215.014 
77.875 ,9219.995 
77.917 ,9224.888 
77.958 ,9229.872 
78.000 ,9234.738 
78.042 ,9239.746 
78.083 ,9244.661 
78.125 ,9249.601 
78.167 ,9254.603 
78.208 ,9259.426 
78.250 ,9264.417 
78.292 ,9269.346 
78.333 ,9274.300 
78.375 ,9279.164 
78.417 ,9284.166 
78.458 ,9289.073 
78.500 ,9293.991 
78.542 ,9298.985 
78.583 ,9303.857 
78.625 ,9308.856 
78.667 ,9313.804 
78.708 ,9318.771 
78.750 ,9323.613 
78.792 ,9328.588 
78.833 ,9333.493 
78.875 ,9338.460 
78.917 ,9343.421 
78.958 ,9348.304 
79.000 ,9353.314 
79.042 ,9358.246 
79.083 ,9363.237 
79.125 ,9368.145 
79.167 ,9373.144 
79.208 ,9378.024 
79.250 ,9383.029 
79.292 ,9387.963 
79.333 ,9392.852 
79.375 ,9397.843 
79.417 ,9402.807 
79.458 ,9407.752 
79.500 ,9412.643 
79.542 ,9417.613 
79.583 ,9422.493 
79.625 ,9427.476 
79.667 ,9432.427 
79.708 ,9437.358 
79.750 ,9442.325 
79.792 ,9447.249 
79.833 ,9452.229 
79.875 ,9457.153 
79.917 ,9462.103 
79.958 ,9466.992 
80.000 ,9471.972 
80.042 ,9476.912 
80.083 ,9481.865 
80.125 ,9486.821 
80.167 ,9491.750 
80.208 ,9496.720 
80.250 ,9501.657 
80.292 ,9506.599 
80.333 ,9511.526 
80.375 ,9516.463 
80.417 ,9521.405 
80.458 ,9526.334 
80.500 ,9531.342 
80.542 ,9536.273 
80.583 ,9541.238 
80.625 ,9546.145 
80.667 ,9551.093 
80.708 ,9556.038 
80.750 ,9560.999 
80.792 ,9565.953 
80.833 ,9570.849 
80.875 ,9575.884 
80.917 ,9580.821 
80.958 ,9585.799 
81.000 ,9590.722 
81.042 ,9595.686 
81.083 ,9600.604 
81.125 ,9605.552 
81.167 ,9610.489 
81.208 ,9615.389 
81.250 ,9620.339 
81.292 ,9625.301 
81.333 ,9630.211 
81.375 ,9635.142 
81.417 ,9640.101 
81.458 ,9645.019 
81.500 ,9649.945 
81.542 ,9654.928 
81.583 ,9659.866 
81.625 ,9664.841 
81.667 ,9669.729 
81.708 ,9674.707 
81.750 ,9679.611 
81.792 ,9684.592 
81.833 ,9689.474 
81.875 ,9694.428 
81.917 ,9699.395 
81.958 ,9704.321 
82.000 ,9709.280 
82.042 ,9714.228 
82.083 ,9719.200 
82.125 ,9724.102 
82.167 ,9729.079 
82.208 ,9733.992 
82.250 ,9738.954 
82.292 ,9743.901 
82.333 ,9748.839 
82.375 ,9753.770 
82.417 ,9758.740 
82.458 ,9763.670 
82.500 ,9768.599 
82.542 ,9773.529 
82.583 ,9778.423 
82.625 ,9783.395 
82.667 ,9788.321 
82.708 ,9793.307 
82.750 ,9798.231 
82.792 ,9803.214 
82.833 ,9808.143 
82.875 ,9813.020 
82.917 ,9817.971 
82.958 ,9822.895 
83.000 ,9827.861 
83.042 ,9832.823 
83.083 ,9837.798 
83.125 ,9842.721 
83.167 ,9847.691 
83.208 ,9852.625 
83.250 ,9857.562 
83.292 ,9862.494 
83.333 ,9867.388 
83.375 ,9872.357 
83.417 ,9877.316 
83.458 ,9882.280 
83.500 ,9887.212 
83.542 ,9892.152 
83.583 ,9897.078 
83.625 ,9901.999 
83.667 ,9906.890 
83.708 ,9911.832 
83.750 ,9916.729 
83.792 ,9921.682 
83.833 ,9926.557 
83.875 ,9931.518 
83.917 ,9936.463 
83.958 ,9941.422 
84.000 ,9946.329 
84.042 ,9951.237 
84.083 ,9956.157 
84.125 ,9961.113 
84.167 ,9966.088 
84.208 ,9971.034 
84.250 ,9976.003 
84.292 ,9980.967 
84.333 ,9985.877 
84.375 ,9990.763 
84.417 ,9995.733 
84.458 ,10000.653 
84.500 ,10005.582 
84.542 ,10010.479 
84.583 ,10015.361 
84.625 ,10020.323 
84.667 ,10025.260 
84.708 ,10030.194 
84.750 ,10035.099 
84.792 ,10040.044 
84.833 ,10044.949 
84.875 ,10049.902 
84.917 ,10054.890 
84.958 ,10059.771 
85.000 ,10064.743 
85.042 ,10069.672 
85.083 ,10074.603 
85.125 ,10079.532 
85.167 ,10084.502 
85.208 ,10089.393 
85.250 ,10094.303 
85.292 ,10099.273 
85.333 ,10104.180 
85.375 ,10109.130 
85.417 ,10114.081 
85.458 ,10119.032 
85.500 ,10123.917 
85.542 ,10128.846 
85.583 ,10133.756 
85.625 ,10138.718 
85.667 ,10143.676 
85.708 ,10148.611 
85.750 ,10153.564 
85.792 ,10158.506 
85.833 ,10163.441 
85.875 ,10168.307 
85.917 ,10173.304 
85.958 ,10178.209 
86.000 ,10183.116 
86.042 ,10188.069 
86.083 ,10192.993 
86.125 ,10197.960 
86.167 ,10202.894 
86.208 ,10207.885 
86.250 ,10212.776 
86.292 ,10217.738 
86.333 ,10222.645 
86.375 ,10227.577 
86.417 ,10232.562 
86.458 ,10237.456 
86.500 ,10242.418 
86.542 ,10247.360 
86.583 ,10252.316 
86.625 ,10257.237 
86.667 ,10262.193 
86.708 ,10267.073 
86.750 ,10271.994 
86.792 ,10276.955 
86.833 ,10281.892 
86.875 ,10286.867 
86.917 ,10291.796 
86.958 ,10296.750 
87.000 ,10301.660 
87.042 ,10306.610 
87.083 ,10311.545 
87.125 ,10316.501 
87.167 ,10321.446 
87.208 ,10326.353 
87.250 ,10331.342 
87.292 ,10336.235 
87.333 ,10341.205 
87.375 ,10346.118 
87.417 ,10351.082 
87.458 ,10356.008 
87.500 ,10360.934 
87.542 ,10365.858 
87.583 ,10370.760 
87.625 ,10375.746 
87.667 ,10380.702 
87.708 ,10385.690 
87.750 ,10390.565 
87.792 ,10395.513 
87.833 ,10400.428 
87.875 ,10405.368 
87.917 ,10410.319 
87.958 ,10415.237 
88.000 ,10420.206 
88.042 ,10425.127 
88.083 ,10430.094 
88.125 ,10434.990 
88.167 ,10439.979 
88.208 ,10444.870 
88.250 ,10449.807 
88.292 ,10454.771 
88.333 ,10459.630 
88.375 ,10464.629 
88.417 ,10469.558 
88.458 ,10474.514 
88.500 ,10479.435 
88.542 ,10484.399 
88.583 ,10489.298 
88.625 ,10494.211 
88.667 ,10499.194 
88.708 ,10504.096 
88.750 ,10509.063 
88.792 ,10513.992 
88.833 ,10518.961 
88.875 ,10523.817 
88.917 ,10528.838 
88.958 ,10533.742 
89.000 ,10538.707 
89.042 ,10543.638 
89.083 ,10548.524 
89.125 ,10553.474 
89.167 ,10558.414 
89.208 ,10563.376 
89.250 ,10568.229 
89.292 ,10573.236 
89.333 ,10578.097 
89.375 ,10583.048 
89.417 ,10588.037 
89.458 ,10592.960 
89.500 ,10597.938 
89.542 ,10602.851 
89.583 ,10607.817 
89.625 ,10612.700 
89.667 ,10617.686 
89.708 ,10622.626 
89.750 ,10627.555 
89.792 ,10632.511 
89.833 ,10637.399 
89.875 ,10642.377 
89.917 ,10647.319 
89.958 ,10652.319 
90.000 ,10657.229 
90.042 ,10662.212 
90.083 ,10667.084 
90.125 ,10672.040 
90.167 ,10676.999 
90.208 ,10681.922 
90.250 ,10686.870 
90.292 ,10691.821 
90.333 ,10696.796 
90.375 ,10701.722 
90.417 ,10706.719 
90.458 ,10711.645 
90.500 ,10716.577 
90.542 ,10721.549 
90.583 ,10726.473 
90.625 ,10731.412 
90.667 ,10736.339 
90.708 ,10741.300 
90.750 ,10746.194 
90.792 ,10751.150 
90.833 ,10756.054 
90.875 ,10760.999 
90.917 ,10765.972 
90.958 ,10770.884 
91.000 ,10775.876 
91.042 ,10780.807 
91.083 ,10785.744 
91.125 ,10790.652 
91.167 ,10795.594 
91.208 ,10800.507 
91.250 ,10805.468 
91.292 ,10810.430 
91.333 ,10815.359 
91.375 ,10820.353 
91.417 ,10825.314 
91.458 ,10830.281 
91.500 ,10835.232 
91.542 ,10840.185 
91.583 ,10845.098 
91.625 ,10850.016 
91.667 ,10855.004 
91.708 ,10859.952 
91.750 ,10864.900 
91.792 ,10869.840 
91.833 ,10874.766 
91.875 ,10879.692 
91.917 ,10884.657 
91.958 ,10889.572 
92.000 ,10894.561 
92.042 ,10899.503 
92.083 ,10904.432 
92.125 ,10909.396 
92.167 ,10914.347 
92.208 ,10919.338 
92.250 ,10924.224 
92.292 ,10929.180 
92.333 ,10934.090 
92.375 ,10939.043 
92.417 ,10943.999 
92.458 ,10948.942 
92.500 ,10953.890 
92.542 ,10958.867 
92.583 ,10963.812 
92.625 ,10968.739 
92.667 ,10973.681 
92.708 ,10978.632 
92.750 ,10983.618 
92.792 ,10988.593 
92.833 ,10993.535 
92.875 ,10998.505 
92.917 ,11003.450 
92.958 ,11008.406 
93.000 ,11013.362 
93.042 ,11018.299 
93.083 ,11023.215 
93.125 ,11028.230 
93.167 ,11033.157 
93.208 ,11038.137 
93.250 ,11043.093 
93.292 ,11048.046 
93.333 ,11052.994 
93.375 ,11057.915 
93.417 ,11062.887 
93.458 ,11067.860 
93.500 ,11072.838 
93.542 ,11077.710 
93.583 ,11082.750 
93.625 ,11087.760 
93.667 ,11092.651 
93.708 ,11097.593 
93.750 ,11102.536 
93.792 ,11107.484 
93.833 ,11112.443 
93.875 ,11117.415 
93.917 ,11122.306 
93.958 ,11127.289 
94.000 ,11132.245 
94.042 ,11137.147 
94.083 ,11142.130 
94.125 ,11147.059 
94.167 ,11151.969 
94.208 ,11156.936 
94.250 ,11161.935 
94.292 ,11166.783 
94.333 ,11171.793 
94.375 ,11176.760 
94.417 ,11181.681 
94.458 ,11186.623 
94.500 ,11191.541 
94.542 ,11196.497 
94.583 ,11201.437 
94.625 ,11206.434 
94.667 ,11211.320 
94.708 ,11216.305 
94.750 ,11221.210 
94.792 ,11226.169 
94.833 ,11231.111 
94.875 ,11236.046 
94.917 ,11240.985 
94.958 ,11245.952 
95.000 ,11250.919 
95.042 ,11255.769 
95.083 ,11260.736 
95.125 ,11265.717 
95.167 ,11270.654 
95.208 ,11275.648 
95.250 ,11280.561 
95.292 ,11285.495 
95.333 ,11290.418 
95.375 ,11295.393 
95.417 ,11300.271 
95.458 ,11305.268 
95.500 ,11310.194 
95.542 ,11315.147 
95.583 ,11320.095 
95.625 ,11325.019 
95.667 ,11329.926 
95.708 ,11334.928 
95.750 ,11339.927 
95.792 ,11344.770 
95.833 ,11349.753 
95.875 ,11354.682 
95.917 ,11359.632 
95.958 ,11364.577 
96.000 ,11369.498 
96.042 ,11374.419 
96.083 ,11379.400 
96.125 ,11384.372 
96.167 ,11389.244 
96.208 ,11394.222 
96.250 ,11399.188 
96.292 ,11404.128 
96.333 ,11409.065 
96.375 ,11414.008 
96.417 ,11418.945 
96.458 ,11423.942 
96.500 ,11428.895 
96.542 ,11433.726 
96.583 ,11438.699 
96.625 ,11443.584 
96.667 ,11448.516 
96.708 ,11453.488 
96.750 ,11458.420 
96.792 ,11463.330 
96.833 ,11468.316 
96.875 ,11473.282 
96.917 ,11478.127 
96.958 ,11483.132 
97.000 ,11488.042 
97.042 ,11492.987 
97.083 ,11497.911 
97.125 ,11502.829 
97.167 ,11507.766 
97.208 ,11512.736 
97.250 ,11517.700 
97.292 ,11522.539 
97.333 ,11527.541 
97.375 ,11532.451 
97.417 ,11537.405 
97.458 ,11542.347 
97.500 ,11547.271 
97.542 ,11552.202 
97.583 ,11557.194 
97.625 ,11562.136 
97.667 ,11566.970 
97.708 ,11571.967 
97.750 ,11576.879 
97.792 ,11581.852 
97.833 ,11586.811 
97.875 ,11591.734 
97.917 ,11596.655 
97.958 ,11601.709 
98.000 ,11606.621 
98.042 ,11611.488 
98.083 ,11616.493 
98.125 ,11621.413 
98.167 ,11626.386 
98.208 ,11631.320 
98.250 ,11636.246 
98.292 ,11641.181 
98.333 ,11646.180 
98.375 ,11651.142 
98.417 ,11656.024 
98.458 ,11661.054 
98.500 ,11665.991 
98.542 ,11670.852 
98.583 ,11675.789 
98.625 ,11680.721 
98.667 ,11685.617 
98.708 ,11690.616 
98.750 ,11695.575 
98.792 ,11700.463 
98.833 ,11705.449 
98.875 ,11710.359 
98.917 ,11715.272 
98.958 ,11720.233 
99.000 ,11725.149 
99.042 ,11730.089 
99.083 ,11735.047 
99.125 ,11740.017 
99.167 ,11744.845 
99.208 ,11749.834 
99.250 ,11754.771 
99.292 ,11759.689 
99.333 ,11764.653 
99.375 ,11769.582 
99.417 ,11774.495 
99.458 ,11779.522 
99.500 ,11784.475 
99.542 ,11789.312 
99.583 ,11794.300 
99.625 ,11799.248 
99.667 ,11804.193 
99.708 ,11809.106 
99.750 ,11813.994 
99.792 ,11818.912 
99.833 ,11823.885 
99.875 ,11828.865 
99.917 ,11833.710 
99.958 ,11838.720 
100.000 ,11843.684 
100.042 ,11848.611 
100.083 ,11853.531 
100.125 ,11858.509 
100.167 ,11863.416 
100.208 ,11868.432 
100.250 ,11873.372 
100.292 ,11878.203 
100.333 ,11883.189 
100.375 ,11888.126 
100.417 ,11893.063 
100.458 ,11897.998 
100.500 ,11902.910 
100.542 ,11907.855 
100.583 ,11912.790 
100.625 ,11917.759 
100.667 ,11922.610 
100.708 ,11927.606 
100.750 ,11932.533 
100.792 ,11937.453 
100.833 ,11942.382 
100.875 ,11947.306 
100.917 ,11952.216 
100.958 ,11957.223 
101.000 ,11962.177 
101.042 ,11967.027 
101.083 ,11972.016 
101.125 ,11976.936 
101.167 ,11981.871 
101.208 ,11986.843 
101.250 ,11991.767 
101.292 ,11996.706 
101.333 ,12001.665 
101.375 ,12006.656 
101.417 ,12011.480 
101.458 ,12016.509 
101.500 ,12021.403 
101.542 ,12026.334 
101.583 ,12031.304 
101.625 ,12036.219 
101.667 ,12041.148 
101.708 ,12046.148 
101.750 ,12051.085 
101.792 ,12055.962 
101.833 ,12060.934 
101.875 ,12065.817 
101.917 ,12070.751 
101.958 ,12075.716 
102.000 ,12080.650 
102.042 ,12085.565 
102.083 ,12090.513 
102.125 ,12095.510 
102.167 ,12100.371 
102.208 ,12105.395 
102.250 ,12110.310 
102.292 ,12115.212 
102.333 ,12120.166 
102.375 ,12125.119 
102.417 ,12130.042 
102.458 ,12135.045 
102.500 ,12140.039 
102.542 ,12144.897 
102.583 ,12149.867 
102.625 ,12154.815 
102.667 ,12159.773 
102.708 ,12164.727 
102.750 ,12169.609 
102.792 ,12174.514 
102.833 ,12179.500 
102.875 ,12184.459 
102.917 ,12189.312 
102.958 ,12194.308 
103.000 ,12199.262 
103.042 ,12204.180 
103.083 ,12209.160 
103.125 ,12214.059 
103.167 ,12218.986 
103.208 ,12223.977 
103.250 ,12228.936 
103.292 ,12233.805 
103.333 ,12238.766 
103.375 ,12243.717 
103.417 ,12248.635 
103.458 ,12253.591 
103.500 ,12258.523 
103.542 ,12263.373 
103.583 ,12268.375 
103.625 ,12273.361 
103.667 ,12278.195 
103.708 ,12283.195 
103.750 ,12288.110 
103.792 ,12293.009 
103.833 ,12297.973 
103.875 ,12302.853 
103.917 ,12307.777 
103.958 ,12312.776 
104.000 ,12317.702 
104.042 ,12322.547 
104.083 ,12327.547 
104.125 ,12332.497 
104.167 ,12337.426 
104.208 ,12342.369 
104.250 ,12347.306 
104.292 ,12352.256 
104.333 ,12357.175 
104.375 ,12362.166 
104.417 ,12366.994 
104.458 ,12372.024 
104.500 ,12376.907 
104.542 ,12381.833 
104.583 ,12386.745 
104.625 ,12391.693 
104.667 ,12396.546 
104.708 ,12401.532 
104.750 ,12406.496 
104.792 ,12411.328 
104.833 ,12416.303 
104.875 ,12421.202 
104.917 ,12426.112 
104.958 ,12431.084 
105.000 ,12436.002 
105.042 ,12440.950 
105.083 ,12445.876 
105.125 ,12450.897 
105.167 ,12455.780 
105.208 ,12460.761 
105.250 ,12465.679 
105.292 ,12470.602 
105.333 ,12475.577 
105.375 ,12480.468 
105.417 ,12485.395 
105.458 ,12490.372 
105.500 ,12495.328 
105.542 ,12500.195 
105.583 ,12505.170 
105.625 ,12510.131 
105.667 ,12515.101 
105.708 ,12520.030 
105.750 ,12524.953 
105.792 ,12529.901 
105.833 ,12534.852 
105.875 ,12539.868 
105.917 ,12544.721 
105.958 ,12549.736 
106.000 ,12554.690 
106.042 ,12559.619 
106.083 ,12564.575 
106.125 ,12569.501 
106.167 ,12574.416 
106.208 ,12579.424 
106.250 ,12584.432 
106.292 ,12589.255 
106.333 ,12594.254 
106.375 ,12599.243 
106.417 ,12604.193 
106.458 ,12609.158 
106.500 ,12614.081 
106.542 ,12618.999 
106.583 ,12623.985 
106.625 ,12628.952 
106.667 ,12633.821 
106.708 ,12638.807 
106.750 ,12643.750 
106.792 ,12648.665 
106.833 ,12653.632 
106.875 ,12658.569 
106.917 ,12663.479 
106.958 ,12668.465 
107.000 ,12673.407 
107.042 ,12678.236 
107.083 ,12683.243 
107.125 ,12688.194 
107.167 ,12693.115 
107.208 ,12698.052 
107.250 ,12703.005 
107.292 ,12707.931 
107.333 ,12712.917 
107.375 ,12717.854 
107.417 ,12722.726 
107.458 ,12727.764 
107.500 ,12732.690 
107.542 ,12737.616 
107.583 ,12742.572 
107.625 ,12747.482 
107.667 ,12752.419 
107.708 ,12757.435 
107.750 ,12762.369 
107.792 ,12767.201 
107.833 ,12772.227 
107.875 ,12777.159 
107.917 ,12782.139 
107.958 ,12787.128 
108.000 ,12792.008 
108.042 ,12796.937 
108.083 ,12801.939 
108.125 ,12806.841 
108.167 ,12811.664 
108.208 ,12816.669 
108.250 ,12821.598 
108.292 ,12826.529 
108.333 ,12831.469 
108.375 ,12836.406 
108.417 ,12841.335 
108.458 ,12846.329 
108.500 ,12851.288 
108.542 ,12856.155 
108.583 ,12861.127 
108.625 ,12866.064 
108.667 ,12870.974 
108.708 ,12875.992 
108.750 ,12880.894 
108.792 ,12885.837 
108.833 ,12890.806 
108.875 ,12895.746 
108.917 ,12900.623 
108.958 ,12905.650 
109.000 ,12910.568 
109.042 ,12915.511 
109.083 ,12920.450 
109.125 ,12925.358 
109.167 ,12930.284 
109.208 ,12935.267 
109.250 ,12940.210 
109.292 ,12945.068 
109.333 ,12950.105 
109.375 ,12955.034 
109.417 ,12959.977 
109.458 ,12964.936 
109.500 ,12969.859 
109.542 ,12974.834 
109.583 ,12979.809 
109.625 ,12984.741 
109.667 ,12989.580 
109.708 ,12994.612 
109.750 ,12999.506 
109.792 ,13004.437 
109.833 ,13009.350 
109.875 ,13014.249 
109.917 ,13019.186 
109.958 ,13024.186 
110.000 ,13029.117 
110.042 ,13033.932 
110.083 ,13038.926 
110.125 ,13043.855 
110.167 ,13048.792 
110.208 ,13053.773 
110.250 ,13058.683 
110.292 ,13063.582 
110.333 ,13068.508 
110.375 ,13073.440 
110.417 ,13078.263 
110.458 ,13083.287 
110.500 ,13088.210 
110.542 ,13093.093 
110.583 ,13098.036 
110.625 ,13102.924 
110.667 ,13107.842 
110.708 ,13112.877 
110.750 ,13117.816 
110.792 ,13122.672 
110.833 ,13127.647 
110.875 ,13132.592 
110.917 ,13137.502 
110.958 ,13142.464 
111.000 ,13147.371 
111.042 ,13152.330 
111.083 ,13157.299 
111.125 ,13162.280 
111.167 ,13167.111 
111.208 ,13172.119 
111.250 ,13176.974 
111.292 ,13181.906 
111.333 ,13186.857 
111.375 ,13191.761 
111.417 ,13196.671 
111.458 ,13201.679 
111.500 ,13206.643 
111.542 ,13211.452 
111.583 ,13216.479 
111.625 ,13221.403 
111.667 ,13226.345 
111.708 ,13231.285 
111.750 ,13236.219 
111.792 ,13241.121 
111.833 ,13246.096 
111.875 ,13251.079 
111.917 ,13255.967 
111.958 ,13260.964 
112.000 ,13265.855 
112.042 ,13270.798 
112.083 ,13275.770 
112.125 ,13280.696 
112.167 ,13285.587 
112.208 ,13290.603 
112.250 ,13295.578 
112.292 ,13300.406 
112.333 ,13305.346 
112.375 ,13310.240 
112.417 ,13315.185 
112.458 ,13320.144 
112.500 ,13325.048 
112.542 ,13329.920 
112.583 ,13334.887 
112.625 ,13339.843 
112.667 ,13344.713 
112.708 ,13349.696 
112.750 ,13354.625 
112.792 ,13359.537 
112.833 ,13364.450 
112.875 ,13369.395 
112.917 ,13374.311 
112.958 ,13379.248 
113.000 ,13384.252 
113.042 ,13389.029 
113.083 ,13394.059 
113.125 ,13398.988 
113.167 ,13403.946 
113.208 ,13408.892 
113.250 ,13413.815 
113.292 ,13418.720 
113.333 ,13423.622 
113.375 ,13428.651 
113.417 ,13433.490 
113.458 ,13438.490 
113.500 ,13443.438 
113.542 ,13448.380 
113.583 ,13453.290 
113.625 ,13458.246 
113.667 ,13463.145 
113.708 ,13468.071 
113.750 ,13473.074 
113.792 ,13477.937 
113.833 ,13482.874 
113.875 ,13487.847 
113.917 ,13492.724 
113.958 ,13497.645 
114.000 ,13502.563 
114.042 ,13507.519 
114.083 ,13512.405 
114.125 ,13517.385 
114.167 ,13522.268 
114.208 ,13527.229 
114.250 ,13532.188 
114.292 ,13537.101 
114.333 ,13542.073 
114.375 ,13546.983 
114.417 ,13551.890 
114.458 ,13556.849 
114.500 ,13561.821 
114.542 ,13566.669 
114.583 ,13571.671 
114.625 ,13576.616 
114.667 ,13581.524 
114.708 ,13586.450 
114.750 ,13591.349 
114.792 ,13596.270 
114.833 ,13601.174 
114.875 ,13606.155 
114.917 ,13611.056 
114.958 ,13616.031 
115.000 ,13620.985 
115.042 ,13625.892 
115.083 ,13630.821 
115.125 ,13635.750 
115.167 ,13640.692 
115.208 ,13645.646 
115.250 ,13650.623 
115.292 ,13655.547 
115.333 ,13660.484 
115.375 ,13665.402 
115.417 ,13670.309 
115.458 ,13675.244 
115.500 ,13680.186 
115.542 ,13685.091 
115.583 ,13690.003 
115.625 ,13694.959 
115.667 ,13699.869 
115.708 ,13704.796 
115.750 ,13709.730 
115.792 ,13714.662 
115.833 ,13719.577 
115.875 ,13724.468 
115.917 ,13729.340 
115.958 ,13734.304 
116.000 ,13739.260 
116.042 ,13744.181 
116.083 ,13749.107 
116.125 ,13754.063 
116.167 ,13758.984 
116.208 ,13763.916 
116.250 ,13768.826 
116.292 ,13773.779 
116.333 ,13778.648 
116.375 ,13783.658 
116.417 ,13788.601 
116.458 ,13793.519 
116.500 ,13798.459 
116.542 ,13803.355 
116.583 ,13808.292 
116.625 ,13813.178 
116.667 ,13818.101 
116.708 ,13822.995 
116.750 ,13827.929 
116.792 ,13832.885 
116.833 ,13837.833 
116.875 ,13842.781 
116.917 ,13847.726 
116.958 ,13852.658 
117.000 ,13857.571 
117.042 ,13862.532 
117.083 ,13867.418 
117.125 ,13872.374 
117.167 ,13877.357 
117.208 ,13882.326 
117.250 ,13887.247 
117.292 ,13892.179 
117.333 ,13897.116 
117.375 ,13902.069 
117.417 ,13906.990 
117.458 ,13911.916 
117.500 ,13916.845 
117.542 ,13921.790 
117.583 ,13926.738 
117.625 ,13931.670 
117.667 ,13936.640 
117.708 ,13941.598 
117.750 ,13946.552 
117.792 ,13951.489 
117.833 ,13956.423 
117.875 ,13961.355 
117.917 ,13966.322 
117.958 ,13971.275 
118.000 ,13976.212 
118.042 ,13981.141 
118.083 ,13986.081 
118.125 ,13990.953 
118.167 ,13995.876 
118.208 ,14000.819 
118.250 ,14005.737 
118.292 ,14010.671 
118.333 ,14015.611 
118.375 ,14020.575 
118.417 ,14025.545 
118.458 ,14030.476 
118.500 ,14035.384 
118.542 ,14040.307 
118.583 ,14045.214 
118.625 ,14050.127 
118.667 ,14055.072 
118.708 ,14060.050 
118.750 ,14064.919 
118.792 ,14069.824 
118.833 ,14074.785 
118.875 ,14079.701 
118.917 ,14084.643 
118.958 ,14089.580 
119.000 ,14094.501 
119.042 ,14099.484 
119.083 ,14104.427 
119.125 ,14109.358 
119.167 ,14114.339 
119.208 ,14119.260 
119.250 ,14124.169 
119.292 ,14129.109 
119.333 ,14134.049 
119.375 ,14138.981 
119.417 ,14143.942 
119.458 ,14148.874 
119.500 ,14153.811 
119.542 ,14158.802 
119.583 ,14163.737 
119.625 ,14168.652 
119.667 ,14173.597 
119.708 ,14178.496 
119.750 ,14183.455 
119.792 ,14188.435 
119.833 ,14193.389 
119.875 ,14198.342 
119.917 ,14203.298 
119.958 ,14208.241 
